#Student 1 
Student1 <- c(100, 100, 100, 100, 100, 100, 100, 90)

#Student 2
Studen2 <- c(100, NA, 90, 90, 90, 90, 97, 80)

#Dropping lowest grade of both students
Student1[-8]
Student2[